static float cwtbl[96] = {   // raised cosine window, rise time 8ms
0,           0.000267706, 0.001070538, 0.002407637, 0.004277569, 0.006678334, 0.00960736,  0.01306151,
0.017037087, 0.021529832, 0.026534935, 0.032047037, 0.038060234, 0.044568088, 0.051563629, 0.059039368,
0.066987298, 0.075398909, 0.084265194, 0.093576658, 0.10332333,  0.113494773, 0.124080096, 0.135067964,
0.146446609, 0.158203849, 0.170327092, 0.182803358, 0.195619285, 0.208761152, 0.222214883, 0.235966075,
0.25,        0.264301632, 0.278855655, 0.293646485, 0.308658284, 0.323874976, 0.339280267, 0.354857661,
0.370590477, 0.386461868, 0.402454839, 0.418552263, 0.434736904, 0.45099143,  0.467298435, 0.483640459,
0.5,         0.516359541, 0.532701565, 0.54900857,  0.565263096, 0.581447737, 0.597545161, 0.613538132,
0.629409523, 0.645142339, 0.660719733, 0.676125024, 0.691341716, 0.706353515, 0.721144345, 0.735698368,
0.75,        0.764033925, 0.777785117, 0.791238848, 0.804380715, 0.817196642, 0.829672908, 0.841796151,
0.853553391, 0.864932036, 0.875919904, 0.886505227, 0.89667667,  0.906423342, 0.915734806, 0.924601091,
0.933012702, 0.940960632, 0.948436371, 0.955431912, 0.961939766, 0.967952963, 0.973465065, 0.978470168,
0.982962913, 0.98693849,  0.99039264,  0.993321666, 0.995722431, 0.997592363, 0.998929462, 0.999732294 };


if ( cw_transient_cnt==96 ) {


cw_transient_cnt = 95;