// June/29/2019 TAP‚ð511‚É‚µ‚Ä by JA3GSE M.Tsuji
#if HILBERT_TAP==511
float hilbert_coeff[128] = {
2.747396024114103e-04, 
6.006895380767133e-05, 
6.684981875791131e-05, 
7.353035089619007e-05, 
8.102542920131075e-05, 
8.911138328859293e-05, 
9.749815653170351e-05, 
1.064112332419868e-04, 
1.158124970193374e-04, 
1.258662677531813e-04, 
1.365395672154766e-04, 
1.478185707166528e-04, 
1.597213811131764e-04, 
1.722363193392990e-04, 
1.854357360903357e-04, 
1.993236735730024e-04, 
2.139458059709776e-04, 
2.293268382421720e-04, 
2.454958834467377e-04, 
2.624971964459502e-04, 
2.803362389262772e-04, 
2.990396050419446e-04, 
3.186121786193513e-04, 
3.390870347282013e-04, 
3.605054097224961e-04, 
3.829036599459976e-04, 
4.063241877984292e-04, 
4.307856287060000e-04, 
4.563224064052171e-04, 
4.829642540660900e-04, 
5.107506041829996e-04, 
5.397215463487787e-04, 
5.699050522477295e-04, 
6.013361577777016e-04, 
6.340416358240203e-04, 
6.680621086581767e-04, 
7.034376697584027e-04, 
7.402098968009863e-04, 
7.784235873519452e-04, 
8.181175520318718e-04, 
8.593396622073313e-04, 
9.021324547172360e-04, 
9.465431747790465e-04, 
9.926176849153756e-04, 
1.040401662258744e-03, 
1.089947710549322e-03, 
1.141305544331034e-03, 
1.194531043703012e-03, 
1.249675730536137e-03, 
1.306793985289434e-03, 
1.365943797439595e-03, 
1.427185155745359e-03, 
1.490585646078124e-03, 
1.556210298108374e-03, 
1.624128954996806e-03, 
1.694411644294180e-03, 
1.767133247021546e-03, 
1.842375237081473e-03, 
1.920220326786404e-03, 
2.000757348254556e-03, 
2.084074258188684e-03, 
2.170265068631272e-03, 
2.259428119137707e-03, 
2.351667084379838e-03, 
2.447093609063811e-03, 
2.545822714979940e-03, 
2.647979383116783e-03, 
2.753694420731589e-03, 
2.863108703750616e-03, 
2.976372067637789e-03, 
3.093642238045646e-03, 
3.215089414367212e-03, 
3.340893152376179e-03, 
3.471248505034330e-03, 
3.606363021171566e-03, 
3.746459353741738e-03, 
3.891777204190872e-03, 
4.042573430204088e-03, 
4.199128605666846e-03, 
4.361744768538678e-03, 
4.530750655663107e-03, 
4.706501227851101e-03, 
4.889381193644349e-03, 
5.079810830127318e-03, 
5.278247666976599e-03, 
5.485194924671921e-03, 
5.701202683971562e-03, 
5.926876361095346e-03, 
6.162882969608319e-03, 
6.409958983853326e-03, 
6.668922165832480e-03, 
6.940678782122234e-03, 
7.226239357459807e-03, 
7.526730696600037e-03, 
7.843415342541959e-03, 
8.177712756128219e-03, 
8.531222452082599e-03, 
8.905756392663555e-03, 
9.303371736511856e-03, 
9.726417720941516e-03, 
1.017758705717942e-02, 
1.065998123193479e-02, 
1.117719112523918e-02, 
1.173339404598917e-02, 
1.233348203365026e-02, 
1.298321800613333e-02, 
1.368944125205385e-02, 
1.446032857593949e-02, 
1.530573651325184e-02, 
1.623765731875171e-02, 
1.727082678993330e-02, 
1.842355968572207e-02, 
1.971890145291955e-02, 
2.118626095729681e-02, 
2.286376670844081e-02, 
2.480175346144886e-02, 
2.706807249737597e-02, 
2.975642969889059e-02, 
3.299999654685859e-02, 
3.699462245362994e-02, 
4.204062128414243e-02, 
4.862313001197016e-02, 
5.758012757999609e-02, 
7.049448532120550e-02, 
9.075809361298681e-02, 
1.271899048456060e-01, 
2.121261379910457e-01, 
6.365929508109751e-01 
};

#elif HILBERT_TAP==255
